image: /home/c01/naya_navigation/src/M03_navigation/maps/test03.pgm
resolution: 0.050000
origin: [-20.000000, -20.000000, 0.000000]
negate: 0
occupied_thresh: 0.65
free_thresh: 0.196

